 &planet_nl
 NGENKEPLERIAN = 0 
 PLARAD = 6371220.0 
 GA = 9.80665 
 GASCON = 188.92212265742424 
 ECCEN       =     0.0167
 MVELP       =   102.7
 OBLIQ       =    23.44
 GSOL0  =  1367.0 
 NFIXORB  =  1 
 /END
